81
81
===========
51
51
===========
88
88
===========
86
86
===========
68
68
===========
4
4
===========
60
60
===========
70
70
===========
73
73
===========
5
5
===========
77
77
===========
1
1
===========
90
90
===========
23
23
===========
72
72
===========
46
46
===========
55
55
===========
36
36
===========
67
67
===========
76
76
===========
78
78
===========
102
102
===========
44
44
===========
73
73
74
74
===========
67
67
68
66
66
===========
61
61
===========
20
20
===========
70
70
71
71
===========
92
92
===========
38
38
===========
63
63
===========
76
76
77
75
75
===========
67
67
68
66
71
63
76
58
58
===========
41
41
===========
102
102
0
0
===========
47
47
===========
28
28
===========
23
23
24
24
===========
15
15
===========
40
40
===========
38
38
39
39
===========
17
17
===========
65
65
===========
46
46
47
45
45
===========
86
86
87
87
===========
35
35
===========
58
58
59
59
===========
20
20
21
21
===========
88
88
89
89
===========
11
11
===========
60
60
61
59
64
64
===========
68
68
69
69
===========
25
25
===========
76
76
77
75
80
80
===========
72
72
73
71
76
68
81
63
88
56
56
===========
57
57
===========
92
92
93
93
===========
31
31
===========
20
20
21
19
19
===========
46
46
47
45
50
50
===========
99
99
===========
70
70
71
69
74
66
79
79
===========
62
62
===========
52
52
===========
10
10
===========
13
13
===========
85
85
===========
9
9
===========
54
54
===========
34
34
===========
54
54
55
53
53
===========
101
101
===========
88
88
89
87
92
84
84
===========
28
28
29
29
===========
60
60
61
59
64
56
69
51
76
44
85
35
96
96
===========
1
1
2
2
===========
69
69
70
68
73
65
78
60
85
53
94
94
===========
75
75
76
74
79
71
84
66
91
91
===========
4
4
5
3
3
===========
23
23
24
22
22
===========
93
93
94
92
97
97
===========
24
24
25
23
28
20
33
33
===========
42
42
===========
95
95
===========
71
71
72
70
75
67
80
62
87
55
96
46
4
35
17
22
32
32
===========
91
91
92
90
95
87
100
100
===========
13
13
14
14
===========
55
55
56
54
59
51
64
46
71
39
80
30
30
===========
20
20
21
19
24
16
16
===========
6
6
===========
30
30
31
29
34
26
26
===========
36
36
37
37
===========
8
8
===========
6
6
7
7
===========
94
94
95
93
98
98
===========
65
65
66
64
69
61
74
56
81
49
49
===========
81
81
82
82
===========
28
28
29
27
27
===========
78
78
79
77
82
74
87
69
94
62
0
53
11
42
24
29
39
14
56
60
75
41
96
20
16
100
41
75
68
48
48
===========
37
37
38
36
41
33
46
28
53
21
62
12
12
===========